5300
-106
-14400
22171
25015
-24615
9484
78265
3149
-48342
13462
33217
14947
-16246
-8775
21236
11908
-7279
-32501
11220
63017
-57591
-52505
118613
-29954
-114771
135566
-296
-139650
135638
367
-126845
130338
-24743
-88041
116502
-54697
-38072
91775
-78785
18302
44560
-77734
70409
-35540
-7200
39280
-53842
52179
-40000
25572
-11422
2774
1695
-2069
1459
1140
-2223
4526
-5124
6861
-8637
10497
-11920
13625
-14636
14282
-12397
8968
-3584
-3659
12167
-19436
25590
-26977
24226
-16486
7159
2286
-8079
11819
-14212
18316
-24294
26407
-15146
-14190
53576
-79375
60257
10229
-96818
131446
-66783
-63459
155846
-118589
-27156
147257
-123521
-17016
122748
-90757
-21099
83391
-53108
-9320
49931
-51719
2770
68602
-57978
-52130
94042
28032
-108795
-11476
109569
6803
-102370
-15020
87240
30307
-65765
-47523
35493
55910
513
-46119
-34727
11135
43837
33855
-9608
-47721
-46073
-3617
47264
63240
29844
-27415
-68739
-67631
-27332
26076
65249
75011
55912
21365
-16052
-46764
-66970
-77921
-79412
-73601
-61654
-42891
-18635
10415
42717
74790
105596
133708
157207
176351
191150
201509
208453
212177
212904
210713
204884
194771
179845
158955
131508
97992
59108
17208
-23157
-57917
-82130
-90607
-81905
-56724
-21616
12711
36173
40240
22535
-7926
-35679
-44577
-26146
10162
44412
53365
27745
-17612
-53506
-52791
-13125
36906
58454
30065
-28584
-61323
-30466
36676
62756
6746
-61805
-41025
44999
59855
-28580
-71612
16317
78604
-11200
-83079
10806
81552
-14750
-72107
20321
54024
-20136
-30189
6715
15715
21322
-28585
-40231
74305
11373
-112320
74588
72649
-148649
55548
104233
-155776
52232
94907
-145518
66300
57104
-119015
82085
9079
-80922
89434
-41459
-25553
71300
-76785
49213
-6777
-30242
51609
-54422
45299
-29431
15517
-5123
-340
2281
-1613
223
1727
-3902
5473
-6580
7875
-9487
11624
-12443
14291
-14502
13970
-10597
5901
1724
-9092
18195
-23726
26786
-25295
19500
-10501
782
6752
-11162
13322
-16876
21714
-26175
21032
1467
-40907
74388
-73123
17232
70527
-129291
99059
18123
-136637
147150
-26247
-119690
149193
-33758
-100654
116214
-16326
-73352
71014
-10815
-40001
56664
-24969
-48603
76230
12177
-100161
23069
103593
-44034
-99194
47619
93950
-36945
-88289
16511
79160
10281
-61531
-35802
32305
49813
7581
-37649
-41238
-4703
37258
47416
14456
-36132
-60549
-36423
18814
64005
66043
24250
-31389
-69438
-72897
-43481
272
40272
66192
73883
67672
52590
30512
5124
-21867
-50580
-79314
-105228
-128008
-144947
-155731
-161329
-160742
-156871
-151898
-145416
-140599
-138467
-138353
-141786
-147519
-155312
-164254
-171407
-175238
-173470
-163885
-144523
-114774
-76708
-34375
8058
42704
62361
64104
46387
15119
-16406
-36306
-35668
-12613
20286
44836
45246
16345
-25687
-53513
-48444
-10412
36963
58423
36394
-15637
-56498
-47109
8047
57804
45184
-23225
-65255
-20203
56464
49062
-38971
-64683
24350
74234
-14736
-80328
10554
83436
-10839
-79368
16613
67693
-21634
-45836
18368
23337
2395
-15611
-30917
41332
37607
-91115
12529
110009
-106669
-36559
150752
-100249
-58091
156005
-100006
-42070
134338
-104145
-3911
94761
-101932
36372
44969
-87549
72174
-19605
-36990
69660
-70452
46351
-13072
-16653
34388
-40251
37385
-29517
21531
-15402
12138
-10672
10593
-11049
12244
-12697
12929
-12239
11230
-9205
6720
-2813
-2117
8119
-14078
20222
-24748
27096
-25305
19507
-10504
-281
10121
-16388
18202
-17439
14819
-14070
12071
-6228
-9649
35281
-57500
55764
-13516
-56699
111381
-97006
3620
112661
-151643
64644
85842
-162117
85710
67347
-140180
66384
57308
-97444
36887
36303
-58499
36025
17454
-67602
41365
60448
-84488
-35423
106502
14844
-110412
-6655
105243
12004
-92700
-25189
74083
41941
-47042
-54413
11413
51655
24911
-25726
-45516
-19883
25357
49526
29737
-20178
-57442
-49109
6
53110
70606
42297
-12931
-60899
-75392
-55656
-14857
28565
59272
73403
71909
57725
37784
14115
-13098
-41281
-69659
-97441
-121121
-139530
-152921
-159825
-161455
-158995
-153612
-147751
-142400
-138647
-137599
-139936
-145355
-152919
-161078
